pinza_1|3|137.4536|230.1256|214.8261|0.0|180.0|134.0908|0.0|0.0                                   
pinza_2|null                                                                                      
pinza_3|2|-0.245664|230.3291|214.6031|0.0|180.0|134.5219|37.5|40.5                                
pinza_4|null                                                                                      
pinza_5|null                                                                                      
pinza_6|null                                                                                      
pinza_7|null                                                                                      
pinza_8|2|-2.013393|-229.9017|214.8899|0.0|180.0|-45.27493|40.0|43.0                              
pinza_9|null                                                                                      
pinza_10|1|136.5134|-230.0664|214.6656|0.0|180.0|-45.32909|-12.0|-1.0                             
alimentatore_1|1|109.2553|723.1721|264.4713|0.0|180.0|135.0                                       
alimentatore_2|2|-255.404|745.903|280.044|0.0|180.0|-135.0                                        
alimentatore_3|null                                                                               
alimentatore_4|null                                                                               
alimentatore_5|null                                                                               
alimentatore_6|null                                                                               
alimentatore_7|null                                                                               
alimentatore_8|2|-283.7982|-743.9127|278.6783|0.0|180.0|-135.0                                    
alimentatore_9|2|-91.19231|-743.6163|277.8329|0.0|180.0|-135.0                                    
alimentatore_10|2|98.3298|-744.2781|279.6049|0.0|180.0|45.0                                       
mg_dx|137.2113|-452.8064|369.9691|0.0|180.0|41.93502                                              
mg_sx|137.2113|452.8064|369.9691|0.0|180.0|138.065                                                
set_zero|548.4922|199.2298|247.7354|0.0|180.0|-134.4698                                           
